02699
02606
02499
02380
02248
02106
01954
01793
01632
01467
01303
01141
00983
00838
00696
00570
00454
00354
00274
00209
00161
00135
00125
00138
00170
00222
00290
00377
00480
00596
00729
00870
01019
01177
01338
01503
01670
01832
01987
02138
02280
02409
02525
02629
02716
02783
02835
02864
02877
02867
02841
02793
02729
02641
02545
02429
02299
02161
02012
01854
01693
01532
01364
01203
01045
00893
00751
00619
00499
00393
00303
00232
00177
00141
00129
00132
00154
00199
00261
00341
00438
00551
00677
00812
00961
01116
01277
01441
01606
01767
01929
02080
02225
02361
02483
02590
02683
02761
02816
02854
02874
02874
02851
02812
02754
02677
02583
02474
02351
02216
02070
01919
01758
01596
01429
01264
01103
00954
00806
00667
00541
00429
00335
00258
00196
00154
00132
00129
00145
00180
00235
00309
00399
00506
00625
